10
100
0.000000
0
3
15
0
0
101
0.000000
1
5
30
3
2
1743943188
1743943188
0.000000
3
1743943195
1743943195
0.000000
4
1743943199
1743943199
0.000000
4
6
1741351213
5
1741351424
10
1741364653
9
1741364664
102
0.000000
1
5
30
0
0
103
0.000000
1
5
30
0
0
201
0.000000
0
3
15
0
3
1
1741349605
1
1741351081
1
1741351360
202
0.000000
0
3
15
0
0
203
0.000000
0
3
15
0
0
204
0.000000
0
3
15
0
0
205
0.000000
0
3
15
0
0
220
0.000000
0
3
15
2
5
1742647510
1742647510
0.000000
6
1742647542
1742647542
0.000000
1
1
1741364535
